turbostat version 2024.07.26 - Len Brown <lenb@kernel.org>
Kernel command line: BOOT_IMAGE=/vmlinuz-6.12.47-11.2s1c9r5.el9.x86_64 root=/dev/mapper/ahv-root ro crashkernel=1G-4G:192M,4G-64G:256M,64G-4096G:512M,4096G-:1G nomodeset biosdevname=0 rhgb quiet intel_iommu=on iommu=pt fips=1 audit=1 split_lock_detect=off indirect_target_selection=vmexit audit_backlog_limit=8192 net.ifnames=0 systemd.unified_cgroup_hierarchy=1 boot=/dev/disk/by-label/boot page_poison=0 init_on_free=0 spec_rstack_overflow=microcode l1tf=flush,nowarn retbleed=off
CPUID(0): AuthenticAMD 0x10 CPUID levels
CPUID(1): family:model:stepping 0x1a:2:1 (26:2:1) microcode 0x0
CPUID(0x80000000): max_extended_levels: 0x80000028
CPUID(1): SSE3 MONITOR - - - TSC MSR - HT -
CPUID(6): APERF, No-TURBO, No-DTS, No-PTM, No-HWP, No-HWPnotify, No-HWPwindow, No-HWPepp, No-HWPpkg, No-EPB
CPUID(7): No-SGX No-Hybrid
cpu0: cpufreq driver: acpi-cpufreq
cpu0: cpufreq governor: performance
cpufreq boost: 1
/dev/cpu_dma_latency: 2000000000 usec (default)
current_driver: none
current_governor: menu
current_governor_ro: menu
RAPL: 234 sec. Joule Counter Range, at 280 Watts
cpu0: MSR_RAPL_PWR_UNIT: 0x000a1000 (1.000000 Watts, 0.000015 Joules, 0.000977 sec.)
Die	Core	CPU	Avg_MHz	Busy%	Bzy_MHz	TSC_MHz	IPC	IRQ	SMI	CorWatt	PkgWatt
-	-	-	57	1.25	4540	3316	0.17	74972	0	58.28	141.57
0	0	0	526	10.70	4915	3300	0.19	1180	0	1.66	140.17
0	0	64	4	0.13	2957	3300	0.02	399	0
0	1	1	307	6.44	4763	3300	0.16	1125	0	1.17
0	1	65	5	0.16	2957	3300	0.01	344	0
0	2	2	75	1.77	4238	3300	0.31	819	0	0.83
0	2	66	2	0.10	2480	3300	0.02	339	0
0	3	3	111	2.40	4623	3300	0.29	1605	0	0.86
0	3	67	3	0.11	2663	3300	0.01	353	0
0	4	4	4	0.19	2125	3300	0.24	393	0	0.75
0	4	68	3	0.14	1863	3300	0.03	448	0
0	5	5	8	0.32	2324	3300	0.02	860	0	0.74
0	5	69	3	0.14	1853	3300	0.02	353	0
0	6	6	3	0.17	1800	3300	0.02	390	0	0.74
0	6	70	2	0.11	1750	3300	0.02	331	0
0	7	7	3	0.17	1855	3300	0.04	456	0	0.74
0	7	71	2	0.13	1770	3300	0.01	343	0
1	8	48	3	0.15	2384	3300	0.02	369	0	0.82
1	8	112	89	1.92	4606	3300	0.22	946	0
1	9	49	4	0.16	2522	3300	0.02	357	0	0.90
1	9	113	163	3.40	4805	3300	0.01	853	0
1	10	50	3	0.14	1821	3300	0.02	355	0	0.73
1	10	114	6	0.28	2297	3300	0.39	418	0
1	11	51	3	0.17	1844	3300	0.02	558	0	0.70
1	11	115	3	0.19	1872	3300	0.21	399	0
1	12	52	2	0.14	1769	3300	0.02	345	0	0.72
1	12	116	6	0.30	1917	3300	0.08	1063	0
1	13	53	2	0.12	1704	3300	0.02	335	0	0.70
1	13	117	3	0.15	1761	3300	0.02	368	0
1	14	54	7	0.35	2002	3300	0.13	481	0	0.72
1	14	118	3	0.15	1937	3300	0.02	371	0
1	15	55	8	0.29	2899	3300	0.00	363	0	0.71
1	15	119	3	0.15	1767	3300	0.01	344	0
2	16	16	44	1.16	3780	3300	0.03	1239	0	0.80
2	16	80	7	0.25	2749	3300	0.02	393	0
2	17	17	363	7.26	5002	3300	0.19	840	0	1.40
2	17	81	4	0.14	2734	3300	0.01	345	0
2	18	18	3	0.13	1960	3300	0.01	344	0	0.75
2	18	82	3	0.15	1945	3300	0.01	359	0
2	19	19	1632	32.52	5018	3300	0.19	3082	0	3.49
2	19	83	9	0.21	4375	3300	0.01	355	0
2	20	20	4	0.18	2023	3300	0.17	380	0	0.74
2	20	84	4	0.18	2066	3300	0.05	522	0
2	21	21	8	0.32	2357	3300	0.16	717	0	0.77
2	21	85	4	0.18	2083	3300	0.01	360	0
2	22	22	309	6.20	4988	3300	0.21	2418	0	1.13
2	22	86	6	0.16	3708	3300	0.01	348	0
2	23	23	13	0.39	3344	3300	0.03	624	0	0.76
2	23	87	3	0.13	2149	3300	0.01	342	0
3	24	32	13	0.32	4048	3300	0.01	403	0	1.91
3	24	96	737	14.76	4993	3300	0.19	1469	0
3	25	33	37	1.08	3400	3300	0.32	733	0	0.80
3	25	97	4	0.18	2302	3300	0.15	367	0
3	26	34	5	0.21	2160	3300	0.01	368	0	0.80
3	26	98	15	0.42	3470	3300	0.05	358	0
3	27	35	5	0.22	2050	3300	0.01	383	0	0.77
3	27	99	3	0.16	1813	3300	0.01	359	0
3	28	36	4	0.19	1879	3300	0.01	409	0	0.76
3	28	100	2	0.13	1711	3300	0.01	337	0
3	29	37	5	0.25	2115	3300	0.00	381	0	0.77
3	29	101	2	0.14	1753	3300	0.01	352	0
3	30	38	3	0.16	1735	3300	0.09	366	0	0.76
3	30	102	2	0.13	1675	3300	0.01	337	0
3	31	39	3	0.16	1759	3300	0.03	351	0	0.75
3	31	103	3	0.15	1734	3300	0.02	345	0
4	32	8	16	0.45	3425	3300	0.01	444	0	0.76
4	32	72	2	0.11	1936	3300	0.02	335	0
4	33	9	352	7.20	4894	3300	0.06	2339	0	1.14
4	33	73	6	0.13	4306	3300	0.01	369	0
4	34	10	83	1.88	4404	3300	0.01	918	0	0.84
4	34	74	10	0.32	3013	3300	0.03	1540	0
4	35	11	213	4.54	4698	3300	0.05	1886	0	1.02
4	35	75	13	0.32	4118	3300	0.02	513	0
4	36	12	177	3.57	4948	3300	0.50	1064	0	1.33
4	36	76	221	4.46	4954	3300	0.09	965	0
4	37	13	6	0.29	1939	3300	0.02	549	0	0.75
4	37	77	4	0.21	2060	3300	0.00	361	0
4	38	14	3	0.17	1822	3300	0.07	407	0	0.74
4	38	78	2	0.11	1747	3300	0.01	365	0
4	39	15	2	0.12	1760	3300	0.03	372	0	0.73
4	39	79	3	0.16	1815	3300	0.04	457	0
5	40	56	270	5.56	4861	3300	0.18	1062	0	1.10
5	40	120	4	0.14	3070	3300	0.01	354	0
5	41	57	95	2.20	4320	3300	0.58	950	0	0.88
5	41	121	4	0.16	2482	3300	0.01	343	0
5	42	58	2	0.13	1780	3300	0.01	347	0	0.80
5	42	122	38	0.85	4420	3300	0.00	364	0
5	43	59	2	0.12	1696	3300	0.01	376	0	0.76
5	43	123	3	0.17	1769	3300	0.01	570	0
5	44	60	2	0.12	1673	3300	0.01	335	0	0.75
5	44	124	3	0.15	1763	3300	0.01	363	0
5	45	61	26	0.68	3827	3300	0.35	695	0	0.79
5	45	125	2	0.13	1818	3300	0.01	377	0
5	46	62	3	0.16	1738	3300	0.06	398	0	0.74
5	46	126	3	0.15	1711	3300	0.01	351	0
5	47	63	2	0.12	1682	3300	0.02	339	0	0.75
5	47	127	3	0.14	1817	3300	0.01	350	0
6	48	24	18	0.54	3401	3300	0.00	478	0	0.76
6	48	88	4	0.21	2061	3300	0.02	585	0
6	49	25	115	2.61	4395	3300	0.09	1016	0	0.87
6	49	89	13	0.36	3521	3300	0.02	546	0
6	50	26	330	6.82	4840	3300	0.17	1274	0	1.22
6	50	90	12	0.33	3769	3300	1.41	391	0
6	51	27	2	0.11	1783	3300	0.01	331	0	0.73
6	51	91	6	0.26	2255	3300	0.00	496	0
6	52	28	2	0.12	1754	3300	0.01	328	0	0.74
6	52	92	4	0.20	1972	3300	0.01	414	0
6	53	29	287	5.86	4899	3300	0.17	1220	0	1.10
6	53	93	10	0.28	3435	3300	0.01	380	0
6	54	30	59	1.46	4065	3300	0.40	752	0	0.80
6	54	94	3	0.12	2116	3300	0.02	349	0
6	55	31	2	0.12	1707	3300	0.01	342	0	0.72
6	55	95	3	0.14	1748	3300	0.01	353	0
7	56	40	5	0.26	1966	3300	0.05	622	0	0.82
7	56	104	20	0.59	3394	3300	0.01	456	0
7	57	41	4	0.23	1910	3300	0.05	542	0	0.81
7	57	105	14	0.48	2922	3300	0.01	456	0
7	58	42	5	0.23	1950	3300	0.02	393	0	0.81
7	58	106	9	0.41	2284	3300	0.02	844	0
7	59	43	9	0.33	2558	3300	0.03	401	0	0.81
7	59	107	4	0.23	1784	3300	0.04	421	0
7	60	44	5	0.26	1840	3300	0.03	390	0	0.79
7	60	108	4	0.22	1738	3300	0.03	387	0
7	61	45	29	0.79	3637	3300	0.01	430	0	0.84
7	61	109	5	0.24	2057	3300	0.03	394	0
7	62	46	7	0.36	2079	3300	0.03	590	0	0.80
7	62	110	8	0.32	2391	3300	0.02	412	0
7	63	47	37	0.94	3949	3300	0.01	470	0	0.85
7	63	111	7	0.33	2209	3300	0.02	402	0
Die	Core	CPU	Avg_MHz	Busy%	Bzy_MHz	TSC_MHz	IPC	IRQ	SMI	CorWatt	PkgWatt
-	-	-	19	0.52	3776	3299	0.22	65448	0	45.03	125.25
0	0	0	87	2.14	4050	3300	0.11	741	0	0.73	125.28
0	0	64	2	0.09	2524	3300	0.01	357	0
0	1	1	24	0.69	3469	3300	0.09	487	0	0.65
0	1	65	2	0.12	1907	3300	0.08	332	0
0	2	2	65	1.59	4072	3300	0.15	768	0	0.70
0	2	66	2	0.09	2258	3300	0.01	319	0
0	3	3	142	3.19	4457	3300	0.16	1503	0	0.79
0	3	67	3	0.10	2904	3300	0.03	337	0
0	4	4	152	3.34	4562	3300	0.47	985	0	0.81
0	4	68	5	0.19	2667	3300	0.03	456	0
0	5	5	26	0.72	3620	3300	0.10	1106	0	0.67
0	5	69	17	0.44	3720	3300	0.07	382	0
0	6	6	43	0.96	4532	3300	1.11	367	0	0.70
0	6	70	9	0.33	2672	3300	0.04	431	0
0	7	7	2	0.13	1759	3300	0.01	425	0	0.63
0	7	71	8	0.33	2427	3300	0.01	415	0
1	8	48	9	0.34	2648	3300	0.01	387	0	0.68
1	8	112	8	0.36	2175	3300	0.01	476	0
1	9	49	7	0.29	2344	3300	0.08	407	0	0.67
1	9	113	5	0.24	1925	3300	0.01	404	0
1	10	50	6	0.28	2128	3300	0.01	449	0	0.68
1	10	114	5	0.25	2037	3300	0.00	386	0
1	11	51	5	0.24	1902	3300	0.01	612	0	0.67
1	11	115	4	0.21	1784	3300	0.04	395	0
1	12	52	6	0.26	2301	3300	0.01	407	0	0.68
1	12	116	9	0.39	2210	3300	0.08	895	0
1	13	53	3	0.19	1708	3300	0.01	372	0	0.67
1	13	117	4	0.23	1753	3300	0.17	399	0
1	14	54	22	0.68	3309	3300	0.08	490	0	0.71
1	14	118	10	0.34	2819	3300	0.07	424	0
1	15	55	6	0.29	1995	3300	0.01	412	0	0.67
1	15	119	5	0.24	2105	3300	0.28	389	0
2	16	16	12	0.50	2443	3300	0.15	875	0	0.71
2	16	80	3	0.14	1999	3300	0.07	359	0
2	17	17	4	0.18	1933	3300	0.05	359	0	0.71
2	17	81	2	0.14	1725	3300	0.12	338	0
2	18	18	3	0.16	1795	3300	0.05	345	0	0.69
2	18	82	2	0.14	1686	3300	0.08	332	0
2	19	19	81	1.79	4532	3300	0.28	662	0	0.80
2	19	83	3	0.16	2047	3300	0.05	336	0
2	20	20	6	0.23	2566	3300	0.03	370	0	0.69
2	20	84	2	0.15	1683	3300	0.06	458	0
2	21	21	4	0.21	1787	3300	0.08	825	0	0.69
2	21	85	2	0.13	1720	3300	0.08	333	0
2	22	22	32	0.78	4146	3300	0.03	471	0	0.73
2	22	86	2	0.12	1883	3300	0.07	327	0
2	23	23	14	0.44	3291	3300	0.02	546	0	0.70
2	23	87	2	0.13	1859	3300	0.07	329	0
3	24	32	2	0.13	1745	3300	0.02	333	0	0.68
3	24	96	27	0.64	4238	3300	2.54	347	0
3	25	33	31	0.78	3954	3300	0.02	536	0	0.68
3	25	97	3	0.14	2380	3300	0.04	381	0
3	26	34	3	0.16	1995	3300	0.01	335	0	0.64
3	26	98	4	0.19	2159	3300	0.01	361	0
3	27	35	2	0.12	1729	3300	0.01	320	0	0.64
3	27	99	6	0.26	2367	3300	0.01	364	0
3	28	36	2	0.12	1769	3300	0.01	337	0	0.66
3	28	100	21	0.59	3514	3300	0.02	458	0
3	29	37	2	0.13	1675	3300	0.01	324	0	0.64
3	29	101	5	0.23	2000	3300	0.09	406	0
3	30	38	2	0.11	1589	3300	0.01	319	0	0.64
3	30	102	3	0.17	1680	3300	0.07	368	0
3	31	39	2	0.13	1630	3300	0.01	320	0	0.63
3	31	103	3	0.15	1716	3300	0.01	336	0
4	32	8	2	0.11	1723	3300	0.01	320	0	0.63
4	32	72	2	0.11	1769	3300	0.01	330	0
4	33	9	175	3.74	4662	3300	0.21	1769	0	0.81
4	33	73	5	0.13	3773	3300	0.01	353	0
4	34	10	174	3.79	4603	3300	0.17	1247	0	0.83
4	34	74	13	0.35	3791	3300	0.11	1633	0
4	35	11	175	3.80	4622	3300	0.11	1707	0	0.87
4	35	75	23	0.53	4248	3300	0.03	537	0
4	36	12	2	0.13	1860	3300	0.03	781	0	0.63
4	36	76	2	0.11	1822	3300	0.01	352	0
4	37	13	6	0.33	1960	3300	0.25	689	0	0.63
4	37	77	2	0.10	1774	3300	0.01	330	0
4	38	14	5	0.26	1926	3300	0.10	470	0	0.63
4	38	78	2	0.13	1838	3300	0.01	379	0
4	39	15	2	0.11	1699	3300	0.02	403	0	0.62
4	39	79	2	0.10	1669	3300	0.01	320	0
5	40	56	18	0.49	3611	3300	0.61	525	0	0.71
5	40	120	2	0.11	1899	3300	0.01	334	0
5	41	57	37	0.93	4040	3300	0.59	559	0	0.75
5	41	121	3	0.13	2565	3300	0.01	336	0
5	42	58	2	0.13	1726	3300	0.01	328	0	0.69
5	42	122	2	0.13	1780	3300	0.01	346	0
5	43	59	8	0.30	2617	3300	0.19	441	0	0.72
5	43	123	5	0.21	2428	3300	0.01	612	0
5	44	60	4	0.19	2313	3300	0.00	346	0	0.70
5	44	124	2	0.13	1727	3300	0.01	328	0
5	45	61	2	0.13	1634	3300	0.03	744	0	0.71
5	45	125	2	0.12	1644	3300	0.01	327	0
5	46	62	3	0.15	1804	3300	0.01	331	0	0.69
5	46	126	2	0.14	1730	3300	0.01	336	0
5	47	63	2	0.12	1636	3300	0.01	320	0	0.70
5	47	127	2	0.14	1742	3300	0.01	331	0
6	48	24	95	2.02	4701	3300	0.09	806	0	0.93
6	48	88	129	2.73	4719	3300	0.19	1952	0
6	49	25	66	1.54	4278	3300	0.16	936	0	0.86
6	49	89	116	2.46	4729	3300	0.03	975	0
6	50	26	4	0.16	2276	3300	0.01	339	0	0.70
6	50	90	13	0.46	2920	3300	0.49	506	0
6	51	27	2	0.14	1805	3300	0.01	338	0	0.68
6	51	91	2	0.13	1777	3300	0.04	378	0
6	52	28	3	0.15	2070	3300	0.01	339	0	0.69
6	52	92	2	0.12	1734	3300	0.03	358	0
6	53	29	2	0.11	1695	3300	0.01	346	0	0.67
6	53	93	2	0.11	1686	3300	0.01	326	0
6	54	30	88	2.22	3963	3300	0.48	970	0	0.78
6	54	94	2	0.10	2258	3300	0.01	331	0
6	55	31	58	1.32	4380	3300	0.12	1191	0	0.73
6	55	95	2	0.10	2144	3300	0.01	324	0
7	56	40	61	1.35	4486	3300	0.12	1076	0	0.73
7	56	104	3	0.12	2123	3300	0.12	325	0
7	57	41	44	1.02	4328	3300	0.78	598	0	0.74
7	57	105	8	0.23	3452	3300	0.00	342	0
7	58	42	4	0.19	2214	3300	0.01	366	0	0.70
7	58	106	23	0.59	3973	3300	0.01	706	0
7	59	43	3	0.15	1874	3300	0.01	351	0	0.70
7	59	107	15	0.43	3479	3300	0.00	390	0
7	60	44	2	0.11	1633	3300	0.01	317	0	0.67
7	60	108	5	0.20	2452	3300	0.01	348	0
7	61	45	2	0.12	1704	3300	0.01	329	0	0.72
7	61	109	35	0.79	4375	3300	0.00	364	0
7	62	46	3	0.15	1765	3300	0.04	504	0	0.67
7	62	110	3	0.17	1950	3300	0.01	365	0
7	63	47	2	0.11	1628	3300	0.01	318	0	0.67
7	63	111	5	0.24	2180	3300	0.01	345	0
Die	Core	CPU	Avg_MHz	Busy%	Bzy_MHz	TSC_MHz	IPC	IRQ	SMI	CorWatt	PkgWatt
-	-	-	13	0.38	3407	3301	0.15	58294	0	44.10	123.91
0	0	0	13	0.54	2345	3300	0.22	404	0	0.57	123.89
0	0	64	2	0.10	1883	3300	0.04	356	0
0	1	1	65	1.68	3874	3300	0.02	693	0	0.64
0	1	65	2	0.10	2068	3300	0.04	315	0
0	2	2	2	0.11	1617	3300	0.06	325	0	0.56
0	2	66	2	0.10	1596	3300	0.04	317	0
0	3	3	58	1.60	3647	3300	0.01	847	0	0.62
0	3	67	2	0.10	2332	3300	0.04	322	0
0	4	4	2	0.12	1667	3300	0.06	326	0	0.56
0	4	68	8	0.32	2412	3300	0.11	436	0
0	5	5	147	3.31	4440	3300	0.41	1874	0	0.77
0	5	69	3	0.12	2397	3300	0.03	329	0
0	6	6	2	0.12	1614	3300	0.04	357	0	0.55
0	6	70	2	0.11	1592	3300	0.04	323	0
0	7	7	2	0.14	1618	3300	0.03	468	0	0.55
0	7	71	2	0.14	1652	3300	0.08	344	0
1	8	48	2	0.10	1700	3300	0.04	319	0	0.75
1	8	112	4	0.21	1929	3300	0.04	365	0
1	9	49	2	0.11	1935	3300	0.08	325	0	0.76
1	9	113	29	0.78	3741	3300	0.01	455	0
1	10	50	2	0.09	2313	3300	0.04	343	0	0.80
1	10	114	45	1.24	3590	3300	0.06	877	0
1	11	51	2	0.11	1641	3300	0.04	387	0	0.73
1	11	115	5	0.19	2370	3300	0.03	330	0
1	12	52	2	0.12	1620	3300	0.04	328	0	0.74
1	12	116	2	0.11	1588	3300	0.05	348	0
1	13	53	2	0.11	1585	3300	0.04	323	0	0.74
1	13	117	2	0.11	1573	3300	0.07	317	0
1	14	54	2	0.14	1633	3300	0.07	372	0	0.74
1	14	118	2	0.11	1585	3300	0.05	319	0
1	15	55	2	0.14	1636	3300	0.04	354	0	0.73
1	15	119	2	0.11	1579	3300	0.04	320	0
2	16	16	15	0.46	3178	3300	0.02	425	0	0.79
2	16	80	6	0.29	2039	3300	0.06	461	0
2	17	17	4	0.24	1875	3300	0.05	375	0	0.78
2	17	81	4	0.23	1784	3300	0.06	388	0
2	18	18	13	0.45	2959	3300	0.02	417	0	0.79
2	18	82	4	0.22	1836	3300	0.05	389	0
2	19	19	5	0.28	1910	3300	0.05	404	0	0.78
2	19	83	5	0.26	1851	3300	0.05	396	0
2	20	20	4	0.24	1765	3300	0.06	399	0	0.77
2	20	84	4	0.24	1772	3300	0.07	409	0
2	21	21	41	1.06	3888	3300	2.04	835	0	0.83
2	21	85	4	0.21	2113	3300	0.05	398	0
2	22	22	5	0.26	1793	3300	0.19	460	0	0.76
2	22	86	4	0.21	1760	3300	0.06	389	0
2	23	23	6	0.29	1877	3300	0.17	508	0	0.77
2	23	87	4	0.24	1885	3300	0.04	379	0
3	24	32	5	0.24	2240	3300	0.01	360	0	0.57
3	24	96	2	0.11	1664	3300	0.04	319	0
3	25	33	2	0.13	1614	3300	0.04	334	0	0.57
3	25	97	2	0.11	1589	3300	0.04	319	0
3	26	34	35	0.80	4321	3300	0.00	353	0	0.61
3	26	98	2	0.11	1654	3300	0.03	319	0
3	27	35	3	0.16	1864	3300	0.03	338	0	0.57
3	27	99	3	0.16	1795	3300	0.03	343	0
3	28	36	3	0.17	1707	3300	0.11	380	0	0.56
3	28	100	3	0.15	1765	3300	0.03	334	0
3	29	37	2	0.13	1595	3300	0.04	338	0	0.56
3	29	101	2	0.15	1650	3300	0.01	328	0
3	30	38	2	0.13	1590	3300	0.01	338	0	0.57
3	30	102	2	0.13	1565	3300	0.01	319	0
3	31	39	2	0.13	1696	3300	0.01	327	0	0.56
3	31	103	2	0.13	1689	3300	0.01	322	0
4	32	8	2	0.11	1690	3300	0.01	322	0	0.56
4	32	72	2	0.10	1664	3300	0.01	317	0
4	33	9	2	0.12	1688	3300	0.01	728	0	0.55
4	33	73	2	0.14	1762	3300	0.01	341	0
4	34	10	123	2.82	4368	3300	0.07	849	0	0.71
4	34	74	18	0.49	3719	3300	0.03	1633	0
4	35	11	93	2.09	4452	3300	0.05	833	0	0.66
4	35	75	4	0.18	2367	3300	0.03	482	0
4	36	12	68	1.71	3942	3300	0.01	744	0	0.64
4	36	76	2	0.10	2243	3300	0.01	332	0
4	37	13	3	0.15	1768	3300	0.01	451	0	0.55
4	37	77	3	0.14	1862	3300	0.01	318	0
4	38	14	5	0.26	1914	3300	0.06	453	0	0.56
4	38	78	2	0.10	1692	3300	0.01	334	0
4	39	15	5	0.27	1824	3300	0.02	442	0	0.55
4	39	79	2	0.10	1659	3300	0.01	316	0
5	40	56	30	0.86	3498	3300	0.01	570	0	0.80
5	40	120	2	0.10	2075	3300	0.01	317	0
5	41	57	2	0.11	1668	3300	0.01	318	0	0.79
5	41	121	4	0.18	2205	3300	0.00	330	0
5	42	58	2	0.11	1643	3300	0.01	318	0	0.77
5	42	122	3	0.16	1898	3300	0.01	348	0
5	43	59	2	0.12	1641	3300	0.02	360	0	0.78
5	43	123	2	0.12	1658	3300	0.01	350	0
5	44	60	2	0.11	1597	3300	0.01	316	0	0.77
5	44	124	2	0.11	1586	3300	0.01	318	0
5	45	61	2	0.11	1612	3300	0.01	321	0	0.79
5	45	125	3	0.16	1832	3300	0.01	345	0
5	46	62	14	0.39	3605	3300	0.00	345	0	0.78
5	46	126	2	0.14	1698	3300	0.01	327	0
5	47	63	2	0.12	1631	3300	0.01	341	0	0.77
5	47	127	2	0.14	1753	3300	0.01	323	0
6	48	24	61	1.31	4648	3300	0.35	520	0	1.00
6	48	88	161	3.31	4877	3300	0.09	2389	0
6	49	25	70	1.84	3824	3300	0.08	987	0	0.83
6	49	89	5	0.17	3055	3300	0.04	425	0
6	50	26	2	0.10	1728	3300	0.01	340	0	0.76
6	50	90	2	0.10	1724	3300	0.01	325	0
6	51	27	2	0.10	2118	3300	0.01	345	0	0.83
6	51	91	61	1.62	3788	3300	0.03	744	0
6	52	28	2	0.10	1694	3300	0.01	317	0	0.76
6	52	92	2	0.10	1705	3300	0.03	345	0
6	53	29	2	0.10	1691	3300	0.01	330	0	0.74
6	53	93	2	0.10	1697	3300	0.05	324	0
6	54	30	38	1.22	3097	3300	0.29	958	0	0.79
6	54	94	2	0.09	2086	3300	0.01	319	0
6	55	31	66	1.44	4555	3300	0.04	1153	0	0.82
6	55	95	2	0.10	2265	3300	0.01	323	0
7	56	40	55	1.28	4255	3300	0.04	631	0	0.65
7	56	104	2	0.10	2057	3300	0.01	316	0
7	57	41	79	1.92	4130	3300	0.02	1227	0	0.67
7	57	105	3	0.09	2958	3300	0.01	326	0
7	58	42	2	0.12	1719	3300	0.01	339	0	0.59
7	58	106	3	0.16	1743	3300	0.01	1084	0
7	59	43	2	0.10	1642	3300	0.01	316	0	0.60
7	59	107	2	0.10	1644	3300	0.01	320	0
7	60	44	2	0.10	1628	3300	0.01	316	0	0.59
7	60	108	2	0.10	1643	3300	0.01	323	0
7	61	45	2	0.11	1650	3300	0.03	334	0	0.59
7	61	109	2	0.10	1637	3300	0.01	326	0
7	62	46	2	0.12	1662	3300	0.02	352	0	0.59
7	62	110	2	0.10	1623	3300	0.01	315	0
7	63	47	2	0.12	1682	3300	0.02	345	0	0.59
7	63	111	3	0.17	2045	3300	1.63	317	0
Die	Core	CPU	Avg_MHz	Busy%	Bzy_MHz	TSC_MHz	IPC	IRQ	SMI	CorWatt	PkgWatt
-	-	-	54	1.21	4473	3300	0.19	75837	0	55.66	139.14
0	0	0	25	0.85	2933	3300	0.06	453	0	0.67	139.14
0	0	64	3	0.11	2412	3300	0.07	398	0
0	1	1	4	0.18	1959	3300	0.01	390	0	0.63
0	1	65	2	0.14	1822	3300	0.05	341	0
0	2	2	2	0.13	1756	3300	0.01	326	0	0.64
0	2	66	2	0.11	1714	3300	0.01	319	0
0	3	3	272	5.81	4679	3300	0.04	1268	0	0.97
0	3	67	3	0.11	2899	3300	0.01	324	0
0	4	4	23	0.63	3623	3300	0.23	539	0	0.66
0	4	68	3	0.14	2048	3300	0.02	443	0
0	5	5	344	7.17	4795	3300	0.59	2282	0	1.06
0	5	69	5	0.15	3471	3300	0.01	337	0
0	6	6	83	1.84	4504	3300	0.01	635	0	0.76
0	6	70	3	0.13	2061	3300	0.01	332	0
0	7	7	3	0.15	1857	3300	0.01	453	0	0.63
0	7	71	8	0.34	2329	3300	0.00	387	0
1	8	48	2	0.11	1760	3300	0.01	327	0	0.80
1	8	112	2	0.11	1756	3300	0.01	320	0
1	9	49	11	0.24	4771	3300	0.02	331	0	5.16
1	9	113	3056	60.92	5017	3300	0.18	5686	0
1	10	50	2	0.11	1828	3300	0.01	325	0	0.82
1	10	114	10	0.30	3357	3300	0.00	361	0
1	11	51	2	0.13	1758	3300	0.01	590	0	0.81
1	11	115	2	0.12	1756	3300	0.04	324	0
1	12	52	2	0.12	1742	3300	0.01	323	0	0.80
1	12	116	2	0.11	1729	3300	0.01	351	0
1	13	53	3	0.16	1899	3300	0.01	342	0	0.80
1	13	117	3	0.14	1798	3300	0.07	331	0
1	14	54	5	0.22	2341	3300	0.88	553	0	0.79
1	14	118	2	0.12	1786	3300	0.01	326	0
1	15	55	2	0.13	1749	3300	0.02	342	0	0.79
1	15	119	2	0.11	1730	3300	0.01	319	0
2	16	16	7	0.30	2226	3300	0.01	547	0	0.85
2	16	80	19	0.55	3404	3300	0.07	424	0
2	17	17	4	0.18	1962	3300	0.01	349	0	0.85
2	17	81	16	0.47	3356	3300	0.03	397	0
2	18	18	5	0.25	2131	3300	0.01	362	0	0.83
2	18	82	4	0.23	1901	3300	0.02	402	0
2	19	19	3	0.17	1732	3300	0.01	342	0	0.83
2	19	83	3	0.18	1735	3300	0.01	362	0
2	20	20	3	0.17	1743	3300	0.01	354	0	0.82
2	20	84	3	0.19	1766	3300	0.01	444	0
2	21	21	50	1.28	3913	3300	0.06	986	0	0.90
2	21	85	7	0.24	2672	3300	0.00	388	0
2	22	22	32	0.83	3866	3300	0.11	1160	0	0.85
2	22	86	4	0.18	1967	3300	0.01	363	0
2	23	23	28	0.74	3834	3300	0.06	775	0	0.96
2	23	87	75	1.61	4647	3300	0.00	427	0
3	24	32	114	2.64	4331	3300	0.71	696	0	0.80
3	24	96	7	0.25	2977	3300	0.00	342	0
3	25	33	20	0.51	3903	3300	0.07	442	0	0.68
3	25	97	9	0.26	3409	3300	0.00	355	0
3	26	34	6	0.25	2484	3300	0.00	402	0	0.65
3	26	98	2	0.13	1832	3300	0.01	344	0
3	27	35	25	0.61	4002	3300	0.00	377	0	0.68
3	27	99	2	0.12	1803	3300	0.01	324	0
3	28	36	8	0.27	2980	3300	0.17	381	0	0.65
3	28	100	2	0.12	1736	3300	0.01	325	0
3	29	37	7	0.29	2424	3300	0.41	377	0	0.65
3	29	101	2	0.13	1742	3300	0.02	355	0
3	30	38	21	0.58	3695	3300	0.00	471	0	0.67
3	30	102	2	0.11	1787	3300	0.01	320	0
3	31	39	5	0.22	2087	3300	0.04	367	0	0.64
3	31	103	2	0.13	1723	3300	0.02	320	0
4	32	8	4	0.18	2363	3300	0.07	381	0	0.71
4	32	72	63	1.40	4505	3300	0.10	1079	0
4	33	9	4	0.19	2227	3300	0.11	638	0	0.69
4	33	73	58	1.35	4294	3300	0.06	1235	0
4	34	10	255	5.27	4833	3300	0.22	1255	0	1.31
4	34	74	308	6.22	4949	3300	0.30	2439	0
4	35	11	87	1.82	4780	3300	0.08	1236	0	0.82
4	35	75	94	2.10	4455	3300	0.01	970	0
4	36	12	213	4.57	4655	3300	0.16	1875	0	0.88
4	36	76	21	0.45	4571	3300	0.03	427	0
4	37	13	7	0.33	2176	3300	0.09	651	0	0.64
4	37	77	8	0.31	2451	3300	0.26	420	0
4	38	14	30	0.84	3543	3300	0.12	648	0	0.68
4	38	78	8	0.29	2775	3300	0.05	559	0
4	39	15	12	0.51	2402	3300	0.09	1155	0	0.64
4	39	79	5	0.22	2258	3300	0.06	477	0
5	40	56	107	2.39	4469	3300	0.02	749	0	0.97
5	40	120	3	0.12	2201	3300	0.01	332	0
5	41	57	27	0.83	3247	3300	0.07	680	0	0.89
5	41	121	5	0.20	2695	3300	0.01	370	0
5	42	58	8	0.31	2556	3300	0.31	443	0	0.84
5	42	122	2	0.12	1740	3300	0.01	329	0
5	43	59	9	0.36	2486	3300	0.01	555	0	0.90
5	43	123	30	0.69	4315	3300	0.00	678	0
5	44	60	5	0.24	2161	3300	0.01	377	0	0.84
5	44	124	3	0.17	1912	3300	0.01	339	0
5	45	61	10	0.34	3059	3300	0.00	362	0	0.88
5	45	125	17	0.46	3759	3300	0.00	347	0
5	46	62	3	0.15	1733	3300	0.01	352	0	0.82
5	46	126	3	0.15	1681	3300	0.01	349	0
5	47	63	4	0.20	2051	3300	0.01	349	0	0.84
5	47	127	3	0.16	1833	3300	0.01	331	0
6	48	24	3	0.14	2479	3300	0.01	336	0	0.90
6	48	88	84	1.80	4664	3300	0.05	1465	0
6	49	25	103	2.44	4215	3300	0.08	1169	0	0.97
6	49	89	33	0.74	4496	3300	0.01	458	0
6	50	26	7	0.24	2722	3300	0.01	460	0	0.88
6	50	90	40	0.94	4306	3300	0.00	502	0
6	51	27	3	0.12	2790	3300	0.02	354	0	1.14
6	51	91	267	5.67	4712	3300	0.38	1213	0
6	52	28	3	0.13	1906	3300	0.01	337	0	0.82
6	52	92	5	0.23	2106	3300	0.02	394	0
6	53	29	116	2.44	4760	3300	0.00	796	0	0.94
6	53	93	3	0.12	2418	3300	0.01	328	0
6	54	30	101	2.36	4255	3300	0.80	898	0	0.96
6	54	94	4	0.17	2409	3300	0.02	336	0
6	55	31	97	2.06	4708	3300	0.18	1422	0	0.90
6	55	95	4	0.14	2843	3300	0.01	359	0
7	56	40	44	1.12	3936	3300	0.32	1004	0	0.72
7	56	104	2	0.11	2190	3300	0.02	318	0
7	57	41	127	2.73	4642	3300	0.06	1215	0	0.84
7	57	105	3	0.11	2646	3300	0.01	329	0
7	58	42	8	0.32	2570	3300	0.01	456	0	0.69
7	58	106	8	0.31	2610	3300	0.02	1030	0
7	59	43	3	0.16	1819	3300	0.02	376	0	0.68
7	59	107	3	0.18	1904	3300	0.02	373	0
7	60	44	21	0.52	3962	3300	0.00	361	0	0.72
7	60	108	16	0.44	3672	3300	0.00	350	0
7	61	45	6	0.22	2793	3300	0.01	393	0	0.69
7	61	109	14	0.42	3458	3300	0.22	380	0
7	62	46	3	0.15	1816	3300	0.01	359	0	0.67
7	62	110	2	0.12	1710	3300	0.01	349	0
7	63	47	4	0.18	1996	3300	0.02	346	0	0.67
7	63	111	7	0.26	2646	3300	0.07	326	0
Die	Core	CPU	Avg_MHz	Busy%	Bzy_MHz	TSC_MHz	IPC	IRQ	SMI	CorWatt	PkgWatt
-	-	-	23	0.57	4009	3300	0.17	62954	0	45.79	124.95
0	0	0	130	2.90	4473	3300	0.60	804	0	0.91	124.94
0	0	64	2	0.08	2784	3300	0.02	337	0
0	1	1	3	0.15	1796	3300	0.08	342	0	0.76
0	1	65	2	0.10	1750	3300	0.01	316	0
0	2	2	2	0.11	1729	3300	0.01	321	0	0.76
0	2	66	2	0.10	1728	3300	0.01	325	0
0	3	3	141	3.27	4326	3300	0.07	1243	0	0.92
0	3	67	3	0.10	2939	3300	0.01	322	0
0	4	4	2	0.12	1755	3300	0.06	334	0	0.76
0	4	68	2	0.12	1743	3300	0.01	439	0
0	5	5	183	3.92	4675	3300	0.02	1277	0	1.00
0	5	69	3	0.12	2460	3300	0.01	335	0
0	6	6	155	3.47	4468	3300	0.03	1052	0	0.96
0	6	70	3	0.11	2482	3300	0.01	330	0
0	7	7	2	0.12	1709	3300	0.01	420	0	0.75
0	7	71	2	0.12	1736	3300	0.01	343	0
1	8	48	2	0.12	1804	3300	0.02	332	0	0.60
1	8	112	35	0.80	4370	3300	1.21	362	0
1	9	49	2	0.12	1774	3300	0.03	328	0	0.54
1	9	113	3	0.14	1812	3300	0.24	343	0
1	10	50	2	0.12	1695	3300	0.01	327	0	0.55
1	10	114	2	0.13	1718	3300	0.10	334	0
1	11	51	51	1.23	4154	3300	0.10	811	0	0.60
1	11	115	5	0.16	3305	3300	0.96	326	0
1	12	52	2	0.12	1699	3300	0.01	329	0	0.55
1	12	116	2	0.12	1681	3300	0.05	358	0
1	13	53	2	0.14	1720	3300	0.01	362	0	0.54
1	13	117	2	0.11	1667	3300	0.02	317	0
1	14	54	4	0.20	1949	3300	0.02	548	0	0.55
1	14	118	2	0.13	1765	3300	0.02	325	0
1	15	55	2	0.13	1672	3300	0.01	354	0	0.54
1	15	119	2	0.12	1679	3300	0.01	321	0
2	16	16	17	0.56	3015	3300	0.08	974	0	0.58
2	16	80	2	0.10	1875	3300	0.01	315	0
2	17	17	2	0.11	1626	3300	0.01	315	0	0.57
2	17	81	2	0.11	1643	3300	0.01	317	0
2	18	18	2	0.11	1625	3300	0.01	316	0	0.56
2	18	82	2	0.12	1650	3300	0.01	325	0
2	19	19	2	0.11	1610	3300	0.01	315	0	0.57
2	19	83	2	0.11	1620	3300	0.01	319	0
2	20	20	2	0.11	1609	3300	0.01	320	0	0.56
2	20	84	2	0.12	1624	3300	0.01	352	0
2	21	21	2	0.14	1581	3300	0.04	634	0	0.56
2	21	85	2	0.11	1615	3300	0.01	323	0
2	22	22	20	0.58	3402	3300	0.14	642	0	0.59
2	22	86	2	0.10	1910	3300	0.01	316	0
2	23	23	4	0.18	1970	3300	0.01	417	0	0.56
2	23	87	2	0.12	1637	3300	0.03	345	0
3	24	32	3	0.16	1767	3300	0.01	334	0	0.77
3	24	96	3	0.15	1766	3300	0.01	325	0
3	25	33	14	0.39	3491	3300	0.00	381	0	0.78
3	25	97	2	0.13	1681	3300	0.01	323	0
3	26	34	4	0.20	2027	3300	0.54	348	0	0.77
3	26	98	2	0.13	1650	3300	0.01	323	0
3	27	35	3	0.17	1757	3300	0.39	339	0	0.77
3	27	99	2	0.13	1627	3300	0.01	319	0
3	28	36	2	0.15	1626	3300	0.01	368	0	0.77
3	28	100	2	0.13	1630	3300	0.01	323	0
3	29	37	2	0.15	1658	3300	0.01	326	0	0.76
3	29	101	2	0.13	1615	3300	0.01	323	0
3	30	38	2	0.14	1608	3300	0.01	325	0	0.76
3	30	102	2	0.13	1594	3300	0.01	318	0
3	31	39	2	0.13	1582	3300	0.01	320	0	0.76
3	31	103	2	0.14	1587	3300	0.01	318	0
4	32	8	4	0.19	2309	3300	0.00	382	0	0.78
4	32	72	13	0.44	2920	3300	0.01	523	0
4	33	9	6	0.20	2984	3300	0.01	481	0	0.90
4	33	73	128	2.76	4643	3300	0.14	1831	0
4	34	10	147	2.92	5034	3300	0.06	1654	0	1.26
4	34	74	329	6.64	4957	3300	0.24	2767	0
4	35	11	51	1.14	4442	3300	0.01	1257	0	0.96
4	35	75	121	2.71	4470	3300	0.06	1232	0
4	36	12	229	4.69	4889	3300	0.01	1218	0	1.21
4	36	76	100	2.15	4626	3300	0.17	1017	0
4	37	13	10	0.44	2229	3300	0.04	704	0	0.76
4	37	77	6	0.27	2173	3300	0.04	460	0
4	38	14	164	3.60	4557	3300	0.22	947	0	0.96
4	38	78	5	0.18	2713	3300	0.01	398	0
4	39	15	147	3.30	4470	3300	0.03	1122	0	0.93
4	39	79	4	0.17	2456	3300	0.01	389	0
5	40	56	3	0.16	1897	3300	0.01	333	0	0.57
5	40	120	2	0.11	1649	3300	0.01	315	0
5	41	57	2	0.11	1633	3300	0.01	319	0	0.58
5	41	121	2	0.13	1694	3300	0.02	327	0
5	42	58	2	0.11	1611	3300	0.01	315	0	0.57
5	42	122	2	0.12	1616	3300	0.01	343	0
5	43	59	4	0.19	1966	3300	0.02	478	0	0.58
5	43	123	3	0.15	1732	3300	0.03	422	0
5	44	60	2	0.12	1727	3300	0.01	315	0	0.57
5	44	124	2	0.12	1717	3300	0.01	318	0
5	45	61	2	0.12	1572	3300	0.01	340	0	0.57
5	45	125	2	0.11	1577	3300	0.02	315	0
5	46	62	2	0.12	1625	3300	0.02	320	0	0.56
5	46	126	3	0.16	1705	3300	0.08	353	0
5	47	63	2	0.13	1622	3300	0.03	325	0	0.57
5	47	127	3	0.14	1776	3300	0.01	325	0
6	48	24	2	0.10	1723	3300	0.01	320	0	0.56
6	48	88	2	0.13	1747	3300	0.01	494	0
6	49	25	2	0.11	1825	3300	0.01	317	0	0.56
6	49	89	6	0.27	2291	3300	0.03	423	0
6	50	26	75	1.91	3910	3300	0.53	1129	0	0.65
6	50	90	2	0.10	2433	3300	0.01	326	0
6	51	27	4	0.14	2608	3300	0.05	330	0	0.84
6	51	91	231	4.92	4705	3300	0.36	1270	0
6	52	28	2	0.11	1681	3300	0.01	320	0	0.56
6	52	92	2	0.12	1691	3300	0.01	353	0
6	53	29	139	3.28	4245	3300	0.02	1333	0	0.72
6	53	93	3	0.10	2642	3300	0.01	321	0
6	54	30	2	0.11	1662	3300	0.01	319	0	0.56
6	54	94	2	0.10	1661	3300	0.01	318	0
6	55	31	2	0.10	1652	3300	0.01	317	0	0.54
6	55	95	2	0.11	1669	3300	0.02	320	0
7	56	40	35	0.81	4370	3300	0.84	471	0	0.86
7	56	104	5	0.23	2265	3300	0.01	375	0
7	57	41	4	0.20	1885	3300	0.19	491	0	0.80
7	57	105	3	0.17	1771	3300	0.03	360	0
7	58	42	3	0.17	1745	3300	0.23	340	0	0.81
7	58	106	3	0.19	1695	3300	0.01	716	0
7	59	43	3	0.15	1628	3300	0.04	349	0	0.81
7	59	107	2	0.15	1631	3300	0.01	332	0
7	60	44	3	0.17	1710	3300	0.03	342	0	0.80
7	60	108	3	0.17	1735	3300	0.01	336	0
7	61	45	2	0.15	1607	3300	0.01	340	0	0.80
7	61	109	2	0.14	1595	3300	0.01	332	0
7	62	46	3	0.18	1615	3300	0.01	612	0	0.80
7	62	110	2	0.15	1624	3300	0.01	335	0
7	63	47	12	0.38	3092	3300	0.00	359	0	0.82
7	63	111	4	0.20	2052	3300	0.01	334	0
Die	Core	CPU	Avg_MHz	Busy%	Bzy_MHz	TSC_MHz	IPC	IRQ	SMI	CorWatt	PkgWatt
-	-	-	17	0.46	3638	3300	0.13	63017	0	40.10	118.30
0	0	0	134	3.04	4407	3300	0.02	866	0	0.90	118.30
0	0	64	3	0.10	3116	3300	0.02	384	0
0	1	1	6	0.26	2425	3300	0.08	393	0	0.75
0	1	65	2	0.13	1897	3300	0.06	341	0
0	2	2	87	2.01	4340	3300	0.00	705	0	0.90
0	2	66	3	0.11	2403	3300	0.02	343	0
0	3	3	125	2.94	4268	3300	0.02	1059	0	0.89
0	3	67	3	0.10	2861	3300	0.01	339	0
0	4	4	2	0.12	1808	3300	0.02	337	0	0.75
0	4	68	3	0.16	1798	3300	0.03	737	0
0	5	5	3	0.16	1785	3300	0.02	728	0	0.75
0	5	69	2	0.12	1786	3300	0.02	343	0
0	6	6	55	1.55	3524	3300	0.04	774	0	0.81
0	6	70	2	0.11	2316	3300	0.02	340	0
0	7	7	5	0.26	2088	3300	0.09	478	0	0.75
0	7	71	3	0.13	2107	3300	0.03	345	0
1	8	48	3	0.13	1919	3300	0.02	339	0	0.41
1	8	112	3	0.14	1893	3300	0.02	394	0
1	9	49	2	0.12	1684	3300	0.02	346	0	0.40
1	9	113	2	0.12	1702	3300	0.02	333	0
1	10	50	2	0.12	1650	3300	0.02	336	0	0.41
1	10	114	2	0.12	1646	3300	0.02	339	0
1	11	51	36	0.83	4355	3300	2.38	416	0	0.46
1	11	115	2	0.13	1920	3300	0.02	356	0
1	12	52	3	0.14	1755	3300	0.02	341	0	0.41
1	12	116	2	0.13	1700	3300	0.03	377	0
1	13	53	3	0.16	1879	3300	0.01	343	0	0.41
1	13	117	2	0.13	1716	3300	0.02	335	0
1	14	54	5	0.21	2260	3300	0.01	389	0	0.41
1	14	118	3	0.15	1815	3300	0.08	346	0
1	15	55	3	0.15	1729	3300	0.06	361	0	0.41
1	15	119	2	0.13	1711	3300	0.02	338	0
2	16	16	109	2.57	4243	3300	0.00	1554	0	0.57
2	16	80	4	0.12	3026	3300	0.19	353	0
2	17	17	96	2.10	4577	3300	0.03	699	0	0.55
2	17	81	3	0.11	2434	3300	0.02	354	0
2	18	18	2	0.12	1896	3300	0.03	331	0	0.43
2	18	82	3	0.13	1922	3300	0.02	347	0
2	19	19	2	0.13	1837	3300	0.02	333	0	0.43
2	19	83	2	0.11	1763	3300	0.02	340	0
2	20	20	2	0.11	1712	3300	0.02	329	0	0.42
2	20	84	2	0.12	1719	3300	0.02	340	0
2	21	21	3	0.17	1784	3300	0.05	780	0	0.42
2	21	85	2	0.11	1760	3300	0.02	340	0
2	22	22	16	0.51	3019	3300	0.02	464	0	0.44
2	22	86	2	0.10	1926	3300	0.02	338	0
2	23	23	2	0.14	1751	3300	0.03	389	0	0.42
2	23	87	2	0.12	1736	3300	0.06	351	0
3	24	32	3	0.16	2013	3300	0.02	338	0	0.82
3	24	96	38	0.87	4352	3300	0.00	364	0
3	25	33	2	0.14	1701	3300	0.04	373	0	0.76
3	25	97	3	0.16	1760	3300	0.04	365	0
3	26	34	3	0.15	1895	3300	0.02	337	0	0.77
3	26	98	3	0.18	1885	3300	0.01	352	0
3	27	35	2	0.14	1639	3300	0.03	333	0	0.76
3	27	99	2	0.14	1614	3300	0.02	346	0
3	28	36	11	0.34	3182	3300	0.01	389	0	0.78
3	28	100	3	0.15	1765	3300	0.02	350	0
3	29	37	3	0.16	1782	3300	0.04	344	0	0.76
3	29	101	3	0.16	1851	3300	0.02	341	0
3	30	38	2	0.15	1621	3300	0.02	350	0	0.76
3	30	102	2	0.13	1559	3300	0.02	332	0
3	31	39	14	0.41	3467	3300	0.01	351	0	0.77
3	31	103	2	0.14	1656	3300	0.01	339	0
4	32	8	2	0.11	2083	3300	0.01	330	0	0.75
4	32	72	5	0.25	2038	3300	0.10	422	0
4	33	9	3	0.14	1900	3300	0.02	360	0	0.75
4	33	73	9	0.35	2707	3300	0.01	360	0
4	34	10	172	3.42	5030	3300	0.14	2368	0	1.16
4	34	74	216	4.38	4934	3300	0.06	2659	0
4	35	11	124	2.86	4331	3300	0.77	1637	0	0.91
4	35	75	5	0.17	2956	3300	0.01	448	0
4	36	12	4	0.09	3864	3300	0.02	365	0	0.86
4	36	76	100	2.41	4137	3300	0.13	1543	0
4	37	13	56	1.28	4353	3300	0.05	1360	0	0.81
4	37	77	6	0.22	2576	3300	0.06	613	0
4	38	14	4	0.23	1902	3300	0.07	454	0	0.75
4	38	78	2	0.10	1859	3300	0.02	360	0
4	39	15	170	3.81	4458	3300	0.04	1043	0	0.94
4	39	79	4	0.12	3004	3300	0.02	353	0
5	40	56	5	0.21	2155	3300	0.03	359	0	0.42
5	40	120	2	0.12	1854	3300	0.02	333	0
5	41	57	2	0.12	1747	3300	0.02	333	0	0.43
5	41	121	3	0.15	1843	3300	0.06	354	0
5	42	58	2	0.12	1712	3300	0.02	332	0	0.42
5	42	122	2	0.13	1718	3300	0.01	341	0
5	43	59	3	0.15	1864	3300	0.07	489	0	0.43
5	43	123	4	0.19	2028	3300	0.02	402	0
5	44	60	2	0.12	1714	3300	0.02	332	0	0.42
5	44	124	2	0.13	1771	3300	0.03	339	0
5	45	61	2	0.12	1695	3300	0.03	373	0	0.43
5	45	125	2	0.13	1758	3300	0.03	340	0
5	46	62	2	0.12	1775	3300	0.02	337	0	0.42
5	46	126	4	0.20	2034	3300	0.01	387	0
5	47	63	3	0.13	1911	3300	0.02	335	0	0.43
5	47	127	5	0.20	2630	3300	0.01	348	0
6	48	24	2	0.13	1844	3300	0.02	333	0	0.42
6	48	88	3	0.14	1791	3300	0.02	522	0
6	49	25	2	0.12	1853	3300	0.02	332	0	0.42
6	49	89	4	0.24	1861	3300	0.05	444	0
6	50	26	122	2.75	4433	3300	0.02	933	0	0.57
6	50	90	4	0.17	2616	3300	0.01	348	0
6	51	27	4	0.16	2423	3300	0.01	348	0	0.46
6	51	91	44	1.09	4072	3300	0.02	690	0
6	52	28	2	0.12	1663	3300	0.02	335	0	0.42
6	52	92	2	0.14	1678	3300	0.04	402	0
6	53	29	53	1.53	3433	3300	0.05	1044	0	0.46
6	53	93	3	0.12	2526	3300	0.04	368	0
6	54	30	2	0.13	1744	3300	0.01	336	0	0.42
6	54	94	2	0.12	1654	3300	0.02	356	0
6	55	31	2	0.12	1663	3300	0.02	336	0	0.41
6	55	95	2	0.12	1656	3300	0.02	339	0
7	56	40	6	0.30	1956	3300	0.11	530	0	0.81
7	56	104	4	0.23	1826	3300	0.07	390	0
7	57	41	5	0.28	1926	3300	0.07	464	0	0.82
7	57	105	7	0.33	2240	3300	0.05	417	0
7	58	42	6	0.31	2058	3300	0.06	437	0	0.82
7	58	106	7	0.33	2085	3300	0.05	754	0
7	59	43	6	0.31	1990	3300	0.08	436	0	0.82
7	59	107	6	0.29	1914	3300	0.06	424	0
7	60	44	4	0.24	1807	3300	0.07	422	0	0.81
7	60	108	5	0.26	1824	3300	0.13	428	0
7	61	45	6	0.29	2013	3300	0.06	402	0	0.81
7	61	109	6	0.28	2000	3300	0.14	413	0
7	62	46	5	0.29	1756	3300	0.07	941	0	0.80
7	62	110	4	0.24	1808	3300	0.09	394	0
7	63	47	5	0.25	1834	3300	0.08	424	0	0.80
7	63	111	8	0.36	2274	3300	0.83	419	0
Die	Core	CPU	Avg_MHz	Busy%	Bzy_MHz	TSC_MHz	IPC	IRQ	SMI	CorWatt	PkgWatt
-	-	-	15	0.38	4096	3300	1.54	21900	0	38.87	115.83
0	0	0	8	0.29	2853	3300	1.07	65	0	0.73	115.86
0	0	64	14	0.49	2791	3300	0.78	234	0
0	1	1	0	0.02	1751	3300	0.38	6	0	0.70
0	1	65	0	0.02	1736	3300	0.76	16	0
0	2	2	148	3.35	4435	3300	1.84	607	0	0.91
0	2	66	1	0.03	2450	3300	0.33	10	0
0	3	3	37	0.96	3802	3300	1.20	327	0	0.74
0	3	67	0	0.02	2831	3300	0.28	7	0
0	4	4	38	1.10	3442	3300	1.23	383	0	0.75
0	4	68	1	0.04	2371	3300	0.42	122	0
0	5	5	1	0.06	1727	3300	0.66	312	0	0.70
0	5	69	0	0.02	1766	3300	0.43	22	0
0	6	6	73	1.90	3854	3300	1.31	595	0	0.78
0	6	70	0	0.02	2358	3300	0.41	10	0
0	7	7	0	0.03	1746	3300	0.96	106	0	0.70
0	7	71	0	0.03	1745	3300	0.74	40	0
1	8	48	1	0.03	1749	3300	0.51	38	0	0.42
1	8	112	1	0.04	1965	3300	0.45	49	0
1	9	49	0	0.03	1712	3300	0.59	34	0	0.41
1	9	113	0	0.02	1661	3300	0.43	6	0
1	10	50	12	0.28	4153	3300	1.60	46	0	0.44
1	10	114	0	0.02	1841	3300	0.49	16	0
1	11	51	1	0.07	2123	3300	0.97	176	0	0.42
1	11	115	2	0.06	2598	3300	1.04	26	0
1	12	52	0	0.02	1776	3300	0.37	10	0	0.42
1	12	116	1	0.05	1742	3300	0.51	55	0
1	13	53	1	0.05	1851	3300	0.56	44	0	0.46
1	13	117	34	0.72	4748	3300	2.67	27	0
1	14	54	1	0.06	1879	3300	0.49	69	0	0.42
1	14	118	1	0.05	1987	3300	0.87	39	0
1	15	55	0	0.01	1748	3300	0.44	10	0	0.41
1	15	119	1	0.05	1901	3300	0.93	26	0
2	16	16	63	1.66	3791	3300	1.44	892	0	0.50
2	16	80	0	0.01	2475	3300	0.33	2	0
2	17	17	167	3.77	4441	3300	1.55	901	0	0.63
2	17	81	1	0.01	3607	3300	0.30	3	0
2	18	18	0	0.02	1745	3300	0.46	5	0	0.43
2	18	82	1	0.03	1897	3300	0.39	12	0
2	19	19	0	0.01	1687	3300	0.42	2	0	0.44
2	19	83	0	0.01	1663	3300	0.38	4	0
2	20	20	0	0.01	1715	3300	0.46	6	0	0.43
2	20	84	0	0.02	1781	3300	0.46	9	0
2	21	21	3	0.16	2024	3300	0.51	338	0	0.43
2	21	85	0	0.01	1885	3300	0.40	3	0
2	22	22	4	0.22	1974	3300	1.24	291	0	0.44
2	22	86	0	0.01	1725	3300	0.41	3	0
2	23	23	0	0.02	1665	3300	0.47	138	0	0.43
2	23	87	0	0.00	1715	3300	0.47	5	0
3	24	32	0	0.03	1743	3300	0.40	15	0	0.72
3	24	96	0	0.02	1663	3300	0.38	5	0
3	25	33	2	0.10	2459	3300	1.04	81	0	0.72
3	25	97	0	0.02	1789	3300	0.41	7	0
3	26	34	0	0.02	1689	3300	0.43	13	0	0.72
3	26	98	0	0.02	1729	3300	0.60	7	0
3	27	35	0	0.03	1718	3300	0.40	5	0	0.71
3	27	99	0	0.03	1726	3300	0.43	14	0
3	28	36	0	0.02	1738	3300	0.39	31	0	0.72
3	28	100	1	0.06	1998	3300	1.09	52	0
3	29	37	0	0.03	1773	3300	0.37	13	0	0.71
3	29	101	2	0.08	2294	3300	1.06	39	0
3	30	38	1	0.04	1778	3300	1.72	10	0	0.71
3	30	102	0	0.03	1751	3300	0.53	11	0
3	31	39	0	0.02	1718	3300	0.38	7	0	0.71
3	31	103	1	0.05	1886	3300	1.09	25	0
4	32	8	1	0.03	1847	3300	0.48	29	0	0.71
4	32	72	3	0.14	1896	3300	1.38	103	0
4	33	9	0	0.02	1779	3300	0.53	32	0	0.70
4	33	73	1	0.05	1796	3300	0.64	32	0
4	34	10	191	3.91	4893	3300	1.28	2230	0	1.11
4	34	74	177	3.54	4986	3300	1.59	2808	0
4	35	11	193	4.03	4793	3300	1.82	1005	0	1.11
4	35	75	141	3.09	4571	3300	1.34	834	0
4	36	12	1	0.04	3286	3300	0.33	104	0	0.95
4	36	76	202	4.38	4615	3300	1.61	1412	0
4	37	13	75	1.56	4826	3300	1.49	839	0	0.80
4	37	77	24	0.62	3884	3300	1.18	216	0
4	38	14	2	0.10	1849	3300	1.22	95	0	0.70
4	38	78	0	0.01	1731	3300	0.53	31	0
4	39	15	26	0.71	3691	3300	1.26	357	0	0.72
4	39	79	3	0.14	2309	3300	0.69	275	0
5	40	56	0	0.02	1733	3300	0.59	24	0	0.43
5	40	120	0	0.01	1669	3300	0.42	3	0
5	41	57	0	0.02	1775	3300	0.72	5	0	0.44
5	41	121	0	0.01	1767	3300	0.56	7	0
5	42	58	0	0.01	1656	3300	0.39	2	0	0.43
5	42	122	0	0.01	1814	3300	0.41	15	0
5	43	59	10	0.26	4027	3300	2.94	144	0	0.45
5	43	123	1	0.04	1826	3300	0.55	63	0
5	44	60	0	0.02	1747	3300	0.73	31	0	0.43
5	44	124	0	0.01	1698	3300	0.44	7	0
5	45	61	12	0.27	4246	3300	1.63	99	0	0.46
5	45	125	2	0.05	3121	3300	1.32	32	0
5	46	62	1	0.03	1797	3300	0.65	61	0	0.43
5	46	126	1	0.05	1906	3300	0.78	48	0
5	47	63	1	0.04	1776	3300	0.41	14	0	0.43
5	47	127	1	0.05	2045	3300	0.56	59	0
6	48	24	0	0.02	1770	3300	0.81	12	0	0.43
6	48	88	1	0.03	1688	3300	0.50	280	0
6	49	25	4	0.11	3268	3300	2.23	45	0	0.43
6	49	89	2	0.11	1796	3300	1.13	99	0
6	50	26	93	2.36	3941	3300	1.83	679	0	0.54
6	50	90	0	0.02	2619	3300	0.34	4	0
6	51	27	0	0.02	1756	3300	0.54	26	0	0.42
6	51	91	1	0.03	1696	3300	0.94	80	0
6	52	28	0	0.00	1749	3300	0.46	3	0	0.43
6	52	92	0	0.02	1683	3300	0.77	46	0
6	53	29	66	1.81	3664	3300	1.08	480	0	0.49
6	53	93	1	0.02	2334	3300	0.47	13	0
6	54	30	0	0.01	2101	3300	0.39	14	0	0.43
6	54	94	0	0.01	1759	3300	0.59	12	0
6	55	31	0	0.01	1903	3300	0.45	10	0	0.43
6	55	95	9	0.23	3993	3300	3.18	26	0
7	56	40	3	0.18	1833	3300	1.00	226	0	0.75
7	56	104	3	0.14	1765	3300	0.79	78	0
7	57	41	36	0.83	4328	3300	2.53	220	0	0.81
7	57	105	3	0.14	1921	3300	0.80	66	0
7	58	42	5	0.23	2121	3300	1.41	109	0	0.76
7	58	106	4	0.21	1978	3300	0.72	495	0
7	59	43	3	0.15	1817	3300	0.89	93	0	0.76
7	59	107	4	0.18	2030	3300	1.49	75	0
7	60	44	3	0.14	1805	3300	0.88	97	0	0.75
7	60	108	4	0.20	1834	3300	1.04	125	0
7	61	45	5	0.23	2091	3300	1.41	129	0	0.76
7	61	109	2	0.13	1788	3300	0.83	65	0
7	62	46	3	0.18	1731	3300	0.82	538	0	0.75
7	62	110	2	0.14	1754	3300	0.91	79	0
7	63	47	2	0.13	1803	3300	0.82	80	0	0.76
7	63	111	5	0.25	2115	3300	1.93	98	0
